
221558,56,81,96,20,221563,221558,
221558,46,66,38,1,221563,221558,
221558,85,78,57,28,221563,221558,
221558,97,89,92,71,221563,221558,
221558,74,79,49,75,221563,221558,
221563,40,9,84,7,221568,221563,
221563,64,61,59,27,221568,221563,
221563,83,72,19,13,221568,221563,
221563,65,14,51,80,221568,221563,
221563,63,8,55,35,221568,221563,
221568,32,91,36,67,221573,221568,
221568,42,86,58,68,221573,221568,
221568,52,30,12,29,221573,221568,
221568,23,5,26,50,221573,221568,
221568,88,60,87,16,221573,221568,
221573,4,90,44,25,221578,221573,
221573,62,73,2,24,221578,221573,
221573,18,45,47,22,221578,221573,
221573,43,17,37,11,221578,221573,
221573,34,77,53,98,221578,221573,
221578,15,69,94,6,221581,221578,
221578,3,33,54,82,221581,221578,
221578,10,31,70,99,221581,221578,
221578,48,95,76,93,221581,221578,
221578,41,100,39,21,221581,221578,
