
127893,14,26,25,127898,127893,
127893,31,22,38,127898,127893,
127893,12,15,13,127898,127893,
127893,33,37,32,127898,127893,
127898,19,8,30,127903,127898,
127898,23,40,9,127903,127898,
127898,44,4,42,127903,127898,
127898,11,18,3,127903,127898,
127903,27,35,17,127908,127903,
127903,16,10,48,127908,127903,
127903,5,20,28,127908,127903,
127903,1,36,2,127908,127903,
127908,46,43,7,127911,127908,
127908,29,6,21,127911,127908,
127908,34,24,39,127911,127908,
127908,41,47,45,127911,127908,
